-0.38261669359071998064 -0.60546974381170071133 -0.6978616303496694151
0.65982328546012602999 -0.36921040199966220774 -0.65445925084748612921
0.92603708282368990545 0.22476123238754819322 0.30321231777587964729
-0.75417581581981474326 0.45765630049247690847 0.47092414405300608848
-0.50299289340380692881 0.055093245499555451583 0.86253283038130912352
0.89922200192908186001 0.064797868548506887265 0.43266734043399257548
0.40962978093126362067 0.3030412034421224865 0.86044725090533880074
-0.71762975173268639395 0.19590929191573222545 0.66830164504448086316
0.65151988834273366624 -0.30294387495080499217 -0.69551911815827383023
-0.87203070058213572047 -0.10976373499569565262 -0.47698467451483611557
-0.0059609531161248559966 0.82174661035463214542 -0.56982188042283865581
-0.12180603917861762553 0.81564434666494545212 -0.56558605761911340259
0.40682930709356468491 0.054198999536239828023 -0.91189494095484513458
-0.41228272720631242709 -0.032668174173097627722 -0.91047006718701162242
-0.80006394041333472877 -0.49774999902046596079 0.33487703672454782744
0.83300377940279068945 -0.52883518594572631599 0.16259781550321042443
-0.2547403557708512456 -0.2935636425737416233 -0.92137274699253846055
0.20335287901302881441 -0.085561664564564612889 -0.97535983521675384544
-0.97482387816693538696 0.20036282224221427239 -0.097842455093435434788
0.96436492991215405635 0.25302227675442845456 -0.07733052063403825227
0.93018947814344243863 -0.35218340512727169811 -0.10351030820256515441
-0.75968685602035024296 -0.2598046667415858102 -0.59613540066767500836
-0.49661150870289677561 -0.7209272880951324014 -0.48336410158764436806
0.70221385872300678965 -0.68505051326567245606 -0.19391103860219940924
-0.23475323873150105713 0.098202250610160052302 -0.96708181395379899659
0.1829860998492638946 0.031117092742680693696 -0.98262292554224406338
0.86369222670922218832 0.13933983148732498325 -0.48437604078148766007
-0.56179382612531880703 0.020383037975259067631 -0.82702613543368408422
0.88075419349296535376 -0.10750546191199363 -0.46120995902478600925
-0.98248087412494633508 -0.079289514261177557186 -0.16865498779137241825
-0.95037586904281146083 0.18198158488760812768 0.25232600005333377657
0.90738398811527898324 0.29899871488251733576 0.29538799334200116498
0.84287785053694752602 -0.21924381422248803708 -0.49141538335647394486
-0.93942974720292771185 0.026522634962185764884 -0.34171376897179001064
0.21192789511599532948 -0.58288886281149931978 -0.78442790674606988066
-0.13402574195060704132 -0.56884350868513444688 -0.81145188589427430514
-0.55077345728943349901 0.83158287127052521459 -0.071543881324077407413
0.89696687870340052751 0.18764620761247169378 0.40029903731802324307
-0.59633825104573401354 0.47078992532775065794 -0.65018269474787304674
0.63719518254532636625 0.19074258109456698751 -0.74672589823737256509
-0.5790786951145282524 -0.29505125378989843776 -0.7600083042319104587
0.77357164830796465438 -0.25932680229645732606 -0.57821839692696808122
0.72945509493663229783 0.37259805601394374586 -0.57364270510973902617
-0.85038668446469323214 -0.080621116733676501109 -0.51994492248868151574
-0.62004143282939938597 0.48159849434960388948 0.61936379601576641019
0.71211482048831065139 0.45343740315210340208 0.53599160801600065351
0.8492683443695342449 -0.026622220569953419789 0.52728980326169294646
-0.87049289870713897344 0.031600277886127389748 0.49116548712013785583
-0.85920021250255429468 0.049468750023285615325 0.50924241536492165228
0.82188477819908545285 0.090383297132913695271 0.5624377929727194525
0.83202098874166785514 -0.15648957620112544098 -0.53221432415308966846
-0.93909787595048521691 -0.087682941066706390765 -0.3322753093914439515
0.95323808426776834857 0.30032389273324322509 -0.033804055305046827595
-0.88853175886048274545 0.42340501614320952273 -0.17674701072738199792
-0.59416038329165432597 0.73807852109762173143 0.31970851665393917873
0.44899812986816162175 0.79714000787259886582 0.40369355608402573976
0.68409307664633645096 0.43638760372105439567 0.58445061536724018936
-0.78808871806544089633 0.30711391698810025508 0.53347653598841282552
-0.50538932316096274455 -0.58355452979363375832 0.63564592564747479653
0.23008214432321355547 -0.5716206290023639891 0.78759892290592503628
-0.42941661826351879006 0.88199452600542871394 0.1941314607568347117
0.44402290455097709332 0.85956469102546617655 0.2529668005419068999
-0.90286224653195534806 -0.30715946281410977381 0.3008202589438057073
0.65267736242347496045 -0.75558871330264332222 0.055659293110779203828
0.7390834600998428261 0.67084084329479920505 -0.061059004040082645592
-0.65805472329889513894 0.75268940141223539264 -0.020558359509098879381
-0.043661572387642413884 0.32107880055170445743 0.94604549094264889231
-0.38115901768695181762 0.4884843133511470592 0.78492093795857964533
